-10.0 0.0
-9.95 3.819795387588024e-17
-9.899999999999999 8.474035063233304e-17
-9.849999999999998 1.4958685634972893e-16
-9.799999999999997 2.463672839170814e-16
-9.749999999999996 3.951198702419546e-16
-9.699999999999996 6.262291563847171e-16
-9.649999999999995 9.862959131479753e-16
-9.599999999999994 1.5470069443856679e-15
-9.549999999999994 2.4185901542809352e-15
-9.499999999999993 3.770222368003423e-15
-9.449999999999992 5.860927389265153e-15
-9.399999999999991 9.08624170242993e-15
-9.34999999999999 1.40485016854756e-14
-9.29999999999999 2.166240765300958e-14
-9.24999999999999 3.331311020060199e-14
-9.199999999999989 5.109225818645725e-14
-9.149999999999988 7.814941949718753e-14
-9.099999999999987 1.1921372144946082e-13
-9.049999999999986 1.8136586962144583e-13
-8.999999999999986 2.75177331903502e-13
-8.949999999999985 4.163863065447592e-13
-8.899999999999984 6.283560504718631e-13
-8.849999999999984 9.456699939782101e-13
-8.799999999999983 1.419373543130602e-12
-8.749999999999982 2.124593813384079e-12
-8.699999999999982 3.1715826096221187e-12
-8.64999999999998 4.721672136305837e-12
-8.59999999999998 7.010258976758803e-12
-8.54999999999998 1.037981133942781e-11
-8.499999999999979 1.532712582217439e-11
-8.449999999999978 2.257077785127316e-11
-8.399999999999977 3.314709865315234e-11
-8.349999999999977 4.8546321595792235e-11
-8.299999999999976 7.090511139913117e-11
-8.249999999999975 1.032779791675076e-10
-8.199999999999974 1.5001871032831055e-10
-8.149999999999974 2.1731471607214225e-10
-8.099999999999973 3.1393326163696625e-10
-8.049999999999972 4.52260287567359e-10
-7.9999999999999725 6.49741955063723e-10
-7.949999999999973 9.308786585329497e-10
-7.899999999999973 1.3299743948640055e-09
-7.849999999999973 1.8949154175693825e-09
-7.799999999999973 2.6923466997115442e-09
-7.749999999999973 3.814740213470227e-09
-7.6999999999999735 5.39001484967552e-09
-7.649999999999974 7.594586054909567e-09
-7.599999999999974 1.0671009404962349e-08
-7.549999999999974 1.4951755975342158e-08
-7.499999999999974 2.0891143289469557e-08
-7.449999999999974 2.9108074960936818e-08
-7.399999999999975 4.044305382011635e-08
-7.349999999999975 5.603397571249585e-08
-7.299999999999975 7.741654408205252e-08
-7.249999999999975 1.0665684239274535e-07
-7.199999999999975 1.4652575213255224e-07
-7.1499999999999755 2.00727617468392e-07
-7.099999999999976 2.74198964794363e-07
-7.049999999999976 3.734973434535291e-07
-6.999999999999976 5.073056492821663e-07
-6.949999999999976 6.870838449950004e-07
-6.899999999999976 9.279080573574252e-07
-6.8499999999999766 1.2495469074204797e-06
-6.799999999999977 1.6778369567836354e-06
-6.749999999999977 2.2464337148393134e-06
-6.699999999999977 2.9990321795996163e-06
-6.649999999999977 3.992171852192899e-06
-6.599999999999977 5.298766086114561e-06
-6.549999999999978 7.012525052046384e-06
-6.499999999999978 9.253476081794465e-06
-6.449999999999978 1.2174825265772748e-05
-6.399999999999978 1.597145045838844e-05
-6.349999999999978 2.0890368778065758e-05
-6.2999999999999785 2.724358165652955e-05
-6.249999999999979 3.5423767724381785e-05
-6.199999999999979 4.5923368326182116e-05
-6.149999999999979 5.935769194885749e-05
-6.099999999999979 7.649275164196755e-05
-6.049999999999979 9.827864242958167e-05
-5.99999999999998 0.0001258893619672048
-5.94999999999998 0.00016077007474189667
-5.89999999999998 0.00020469291452109467
-5.84999999999998 0.0002598225070662201
-5.79999999999998 0.0003287924697075828
-5.7499999999999805 0.0004147941992865823
-5.699999999999981 0.0005216792868469613
-5.649999999999981 0.0006540768864311218
-5.599999999999981 0.000817527305000301
-5.549999999999981 0.001018632957922155
-5.499999999999981 0.0012652276353198092
-5.4499999999999815 0.001566564733315615
-5.399999999999982 0.0019335247044243414
-5.349999999999982 0.0023788414562541577
-5.299999999999982 0.00291734676070468
-5.249999999999982 0.0035662309115192057
-5.199999999999982 0.004345316872938978
-5.149999999999983 0.005277343986191624
-5.099999999999983 0.006388255938181142
-5.049999999999983 0.007707486148855313
-4.999999999999983 0.009268232009120246
-4.949999999999983 0.011107707518475878
-4.8999999999999835 0.013267361861055645
-4.849999999999984 0.015793049364234462
-4.799999999999984 0.018735134164300865
-4.749999999999984 0.022148510834213382
-4.699999999999984 0.026092520301895326
-4.649999999999984 0.03063073871426803
-4.5999999999999845 0.03583061560990335
-4.549999999999985 0.041762936995215105
-4.499999999999985 0.04850108883218619
-4.449999999999985 0.056120097205856485
-4.399999999999985 0.06469542321749518
-4.349999999999985 0.07430149361236532
-4.299999999999986 0.08500995245636807
-4.249999999999986 0.09688762496038707
-4.199999999999986 0.10999419192032801
-4.149999999999986 0.1243795822569356
-4.099999999999986 0.14008110180894096
-4.0499999999999865 0.15712032879389723
-3.9999999999999867 0.17549982006037637
-3.949999999999987 0.19519968717843122
-3.899999999999987 0.21617411721702948
-3.849999999999987 0.23834792929548002
-3.7999999999999874 0.2616132741198422
-3.7499999999999876 0.2858265990680725
-3.6999999999999877 0.31080601521486173
-3.649999999999988 0.3363292141518636
-3.599999999999988 0.36213209066386504
-3.5499999999999883 0.38790823133763574
-3.4999999999999885 0.413309428084083
-3.4499999999999886 0.43794736847054494
-3.399999999999989 0.4613966409103986
-3.349999999999989 0.4831991715139187
-3.299999999999989 0.5028701803458817
-3.2499999999999893 0.5199057078019363
-3.1999999999999895 0.5337917169618983
-3.1499999999999897 0.5440147256196193
-3.09999999999999 0.55007386313976
-3.04999999999999 0.5514941836874181
-2.9999999999999902 0.5478410004820129
-2.9499999999999904 0.5387349377236633
-2.8999999999999906 0.5238673302918276
-2.8499999999999908 0.5030155391084942
-2.799999999999991 0.47605769531707604
-2.749999999999991 0.44298634240977225
-2.6999999999999913 0.4039204153972248
-2.6499999999999915 0.35911498316207313
-2.5999999999999917 0.308968187066225
-2.549999999999992 0.25402483799870534
-2.499999999999992 0.19497618700788744
-2.449999999999992 0.13265546228935848
-2.3999999999999924 0.06802886746398318
-2.3499999999999925 0.0021818615634580443
-2.2999999999999927 -0.06369931243398415
-2.249999999999993 -0.1283507198759082
-2.199999999999993 -0.19045814043957351
-2.1499999999999932 -0.24868829754597907
-2.0999999999999934 -0.30172323757439407
-2.0499999999999936 -0.3482970094369983
-1.9999999999999936 -0.38723363466784577
-1.9499999999999935 -0.41748522131598065
-1.8999999999999935 -0.4381689695126816
-1.8499999999999934 -0.4486017499114137
-1.7999999999999934 -0.44833091458312896
-1.7499999999999933 -0.43716002831113776
-1.6999999999999933 -0.41516828974828407
-1.6499999999999932 -0.3827225477051254
-1.5999999999999932 -0.3404810067788679
-1.5499999999999932 -0.28938795503027187
-1.4999999999999931 -0.23065912842750652
-1.449999999999993 -0.16575764387640526
-1.399999999999993 -0.09636077423963689
-1.349999999999993 -0.024318192351684403
-1.299999999999993 0.04839733721337454
-1.249999999999993 0.11974550471592812
-1.1999999999999929 0.18767862271030855
-1.1499999999999928 0.25020453954423
-1.0999999999999928 0.3054502262565227
-1.0499999999999927 0.3517238376320551
-0.9999999999999927 0.3875730019005072
-0.9499999999999926 0.4118371337131739
-0.8999999999999926 0.4236916942053017
-0.8499999999999925 0.4226825389669712
-0.7999999999999925 0.40874879449537627
-0.7499999999999925 0.3822330772031547
-0.6999999999999924 0.34387830369476696
-0.6499999999999924 0.29481082097328937
-0.5999999999999923 0.23651009207667387
-0.5499999999999923 0.1707656860872355
-0.4999999999999923 0.09962282025189671
-0.4499999999999923 0.025318164803387624
-0.3999999999999923 -0.049791972354720465
-0.3499999999999923 -0.12330863206448857
-0.29999999999999233 -0.19286967082748263
-0.24999999999999234 -0.2562288783380584
-0.19999999999999235 -0.31133188653157573
-0.14999999999999236 -0.3563860949322746
-0.09999999999999236 -0.38992203225069133
-0.049999999999992356 -0.41084387388187904
7.646661082105766e-15 -0.41846722779802403
0.05000000000000765 -0.41254277173285103
0.10000000000000765 -0.3932648534341815
0.15000000000000765 -0.36126473137317777
0.20000000000000767 -0.31758871222990215
0.25000000000000766 -0.263662009705092
0.30000000000000765 -0.20123968320932933
0.35000000000000764 -0.1323464927887261
0.4000000000000076 -0.059207908854359406
0.4500000000000076 0.01582517409137566
0.5000000000000077 0.0903552633563041
0.5500000000000077 0.1620177807225167
0.6000000000000077 0.2285584255753276
0.6500000000000078 0.28790567927743443
0.7000000000000078 0.33823597189584464
0.7500000000000079 0.37802935441271995
0.8000000000000079 0.4061139180402704
0.850000000000008 0.42169765907916595
0.900000000000008 0.42438698276130776
0.9500000000000081 0.4141915515005101
1.000000000000008 0.3915156906671261
1.050000000000008 0.35713704801582163
1.100000000000008 0.3121736426022795
1.1500000000000081 0.25804081932389916
1.2000000000000082 0.19639993315479862
1.2500000000000082 0.12910081334937637
1.3000000000000083 0.05812019684309233
1.3500000000000083 -0.014501629816309813
1.4000000000000083 -0.08672377721735099
1.4500000000000084 -0.15656520319687178
1.5000000000000084 -0.222160770602563
1.5500000000000085 -0.281811267395419
1.6000000000000085 -0.33402604176055056
1.6500000000000086 -0.3775572360229431
1.7000000000000086 -0.4114249525114647
1.7500000000000087 -0.434933037326506
1.8000000000000087 -0.4476755102968321
1.8500000000000087 -0.4495339886682043
1.9000000000000088 -0.44066673746509816
1.9500000000000088 -0.42149022236534933
2.000000000000009 -0.39265423504159963
2.0500000000000087 -0.3550118024189824
2.1000000000000085 -0.30958517876648733
2.1500000000000083 -0.25752925386342995
2.200000000000008 -0.20009369461423782
2.250000000000008 -0.13858507614631774
2.300000000000008 -0.07433015775752834
2.3500000000000076 -0.008641326256791457
2.4000000000000075 0.057214927922071904
2.4500000000000073 0.12204580989079894
2.500000000000007 0.18475578457429156
2.550000000000007 0.24436557843691076
2.6000000000000068 0.30002646755007245
2.6500000000000066 0.3510298654728877
2.7000000000000064 0.3968123722381795
2.750000000000006 0.43695657310798985
2.800000000000006 0.47118798019043373
2.850000000000006 0.4993685901572402
2.9000000000000057 0.5214875869179598
2.9500000000000055 0.537649749915545
3.0000000000000053 0.5480621382640677
3.050000000000005 0.553019610479822
3.100000000000005 0.552889711790754
3.150000000000005 0.5480974190055878
3.2000000000000046 0.5391101799095626
3.2500000000000044 0.5264236233712308
3.3000000000000043 0.5105482509219096
3.350000000000004 0.49199735340882367
3.400000000000004 0.47127633001705627
3.4500000000000037 0.44887352372524164
3.5000000000000036 0.4252526289188497
3.5500000000000034 0.40084667482437136
3.600000000000003 0.3760535436231688
3.650000000000003 0.3510651359065411
3.700000000000003 0.3260508094135221
3.7500000000000027 0.30130761339584217
3.8000000000000025 0.27709158186888627
3.8500000000000023 0.25361822937445094
3.900000000000002 0.23106388621280458
3.950000000000002 0.2095677179593455
4.000000000000002 0.18923427797460382
4.050000000000002 0.17013644957043683
4.100000000000001 0.15231864560964736
4.150000000000001 0.1358001467208855
4.200000000000001 0.12057847419427002
4.250000000000001 0.1066327092543784
4.300000000000001 0.09392668614931536
4.3500000000000005 0.08241200181346262
4.4 0.07203079932867949
4.45 0.06271829569907669
4.5 0.054405036340592475
4.55 0.047018869030006384
4.6 0.040486638798577175
4.6499999999999995 0.03473561239945898
4.699999999999999 0.02969464658580525
4.749999999999999 0.025295118610274284
4.799999999999999 0.021471640229084224
4.849999999999999 0.01816257821713636
4.899999999999999 0.015310405137720995
4.949999999999998 0.012861904026053562
4.999999999999998 0.010768249901396968
5.049999999999998 0.0089849897697007
5.099999999999998 0.0074719411565688995
5.149999999999998 0.006193027342680391
5.1999999999999975 0.005116065467552332
5.249999999999997 0.004212521612649027
5.299999999999997 0.0034572449443280597
5.349999999999997 0.0028281910480669054
5.399999999999997 0.0023061427602536206
5.449999999999997 0.0018744351319238627
5.4999999999999964 0.0015186896582394447
5.549999999999996 0.001226561586773459
5.599999999999996 0.0009875029775910072
5.649999999999996 0.0007925432234163429
5.699999999999996 0.0006340879390371625
5.749999999999996 0.0005057364825106086
5.799999999999995 0.0004021178616864275
5.849999999999995 0.00031874439200164944
5.899999999999995 0.0002518821891414401
5.949999999999995 0.00019843738709739438
5.999999999999995 0.00015585685332526262
6.0499999999999945 0.0001220421142108257
6.099999999999994 9.527519336384018e-05
6.149999999999994 7.415509131439764e-05
6.199999999999994 5.754368841745843e-05
6.249999999999994 4.451992507253927e-05
6.299999999999994 3.43411980078427e-05
6.349999999999993 2.6411002900342677e-05
6.399999999999993 2.0251947682308018e-05
6.449999999999993 1.548335419686189e-05
6.499999999999993 1.1802755946680846e-05
6.549999999999993 8.970684791584688e-06
6.5999999999999925 6.798218450984524e-06
6.649999999999992 5.136832896384896e-06
6.699999999999992 3.870168896888144e-06
6.749999999999992 2.907380115882913e-06
6.799999999999992 2.1777814718362756e-06
6.849999999999992 1.6265613416984037e-06
6.8999999999999915 1.211360070495242e-06
6.949999999999991 8.995506796091414e-07
6.999999999999991 6.660861868943106e-07
7.049999999999991 4.918021111713948e-07
7.099999999999991 3.620830603547754e-07
7.149999999999991 2.6581929445826744e-07
7.19999999999999 1.9459327169142498e-07
7.24999999999999 1.420478450057326e-07
7.29999999999999 1.0339735095370807e-07
7.34999999999999 7.505065215224918e-08
7.39999999999999 5.432154676717273e-08
7.4499999999999895 3.9207091975214034e-08
7.499999999999989 2.8218516269590424e-08
7.549999999999989 2.0252698524219704e-08
7.599999999999989 1.4494822134935149e-08
7.649999999999989 1.0344897521082623e-08
7.699999999999989 7.362491351244373e-09
7.7499999999999885 5.2252930478233e-09
7.799999999999988 3.6981596660903324e-09
7.849999999999988 2.610067112000564e-09
7.899999999999988 1.83700576599238e-09
7.949999999999988 1.2893296499330147e-09
7.999999999999988 9.02430497587984e-10
8.049999999999988 6.298854855433239e-10
8.099999999999989 4.38438965817423e-10
8.14999999999999 3.0433928945685284e-10
8.19999999999999 2.106734594896002e-10
8.249999999999991 1.4543405648856963e-10
8.299999999999992 1.0012174763668873e-10
8.349999999999993 6.873821241351885e-11
8.399999999999993 4.706271945561676e-11
8.449999999999994 3.2134105188644685e-11
8.499999999999995 2.1881002535145473e-11
8.549999999999995 1.4858720473941215e-11
8.599999999999996 1.0062598627700386e-11
8.649999999999997 6.7960216281971525e-12
8.699999999999998 4.577375253321454e-12
8.749999999999998 3.0746573103881895e-12
8.799999999999999 2.0596650644093387e-12
8.85 1.3759967113320928e-12
8.9 9.16769801731978e-13
8.950000000000001 6.091531458927226e-13
9.000000000000002 4.036613132759982e-13
9.050000000000002 2.6676776213343727e-13
9.100000000000003 1.758232294485087e-13
9.150000000000004 1.155704849185177e-13
9.200000000000005 7.576113049385451e-14
9.250000000000005 4.953085083158165e-14
9.300000000000006 3.2295043332404946e-14
9.350000000000007 2.100039262697011e-14
9.400000000000007 1.3619171790198076e-14
9.450000000000008 8.80856118632168e-15
9.500000000000009 5.681814242639425e-15
9.55000000000001 3.655002310329843e-15
9.60000000000001 2.344676716328315e-15
9.650000000000011 1.4997295660362476e-15
9.700000000000012 9.561541705917382e-16
9.750000000000012 6.070912508521755e-16
9.800000000000013 3.830447908981959e-16
9.850000000000014 2.388381649710173e-16
9.900000000000015 1.4501540020377416e-16
9.950000000000015 8.215063916862769e-17
10.000000000000016 3.703060351322182e-17
